 &INPUT
 NC      =           0,
 NFREQ   =         700,
 TL      =   102.4000    ,
 AW      =   1.000000    ,
 NR      =          10,
 NS      =           1,
 XL      =   3000000.    ,
 IKMAX   =      200000,
 UCONV   =  1.0000000E-12,
 FREF    =   1.000000    
 /
